[gd_scene load_steps=10 format=2]

[ext_resource path="res://Player/Player.tscn" type="PackedScene" id=1]
[ext_resource path="res://Player/Player.gd" type="Script" id=2]
[ext_resource path="res://Terrain.tscn" type="PackedScene" id=3]
[ext_resource path="res://Target/targetA.tscn" type="PackedScene" id=4]
[ext_resource path="res://Player/RayCast.gd" type="Script" id=5]

[sub_resource type="CubeMesh" id=1]
size = Vector3( 100, 0.5, 100 )

[sub_resource type="BoxShape" id=2]
extents = Vector3( 50, 0.25, 50 )

[sub_resource type="SphereMesh" id=3]
radius = 0.5
height = 1.0

[sub_resource type="SpatialMaterial" id=4]
albedo_color = Color( 1, 0, 0, 1 )
emission_enabled = true
emission = Color( 1, 0, 0, 1 )
emission_energy = 4.0
emission_operator = 0
emission_on_uv2 = false

[node name="Game" type="Spatial"]

[node name="Ground" type="StaticBody" parent="."]
visible = false

[node name="MeshInstance" type="MeshInstance" parent="Ground"]
mesh = SubResource( 1 )
material/0 = null

[node name="CollisionShape" type="CollisionShape" parent="Ground"]
shape = SubResource( 2 )

[node name="Player" parent="." instance=ExtResource( 1 )]
transform = Transform( 1, 0, 0, 0, 1, 0, 0, 0, 1, 0, 0.278738, 0 )
script = ExtResource( 2 )

[node name="Pivot" type="Position3D" parent="Player"]

[node name="Camera" type="Camera" parent="Player/Pivot"]
transform = Transform( -1, 1.51808e-08, -8.60946e-08, 0, 0.984808, 0.173648, 8.74228e-08, 0.173648, -0.984808, 0, 5, -8 )

[node name="RayCast" type="RayCast" parent="Player/Pivot"]
transform = Transform( 1, 0, 0, 0, 1, 0, 0, 0, 1, 0, 3, 1.67377 )
enabled = true
cast_to = Vector3( 0, 0, 100 )
script = ExtResource( 5 )

[node name="Reticule" type="Position3D" parent="Player/Pivot/RayCast"]
transform = Transform( 1, 0, 0, 0, 1, 0, 0, 0, 1, 0, 0, 50 )

[node name="MeshInstance" type="MeshInstance" parent="Player/Pivot/RayCast/Reticule"]
mesh = SubResource( 3 )
material/0 = SubResource( 4 )

[node name="lowpoly_scene" parent="." instance=ExtResource( 3 )]
transform = Transform( 3, 0, 0, 0, 3, 0, 0, 0, 3, 0, 0, 0 )

[node name="Target_Container" type="Spatial" parent="."]

[node name="targetA" parent="Target_Container" instance=ExtResource( 4 )]
transform = Transform( 0.939693, 0, 0.34202, 0, 1, 0, -0.34202, 0, 0.939693, -27, 4, 9 )

[node name="targetA2" parent="Target_Container" instance=ExtResource( 4 )]
transform = Transform( -0.5266, 0, 0.850113, 0, 1, 0, -0.850113, 0, -0.5266, 19.8942, 5.99841, 4.13013 )

[node name="targetA3" parent="Target_Container" instance=ExtResource( 4 )]
transform = Transform( 0.652839, 0, -0.757497, 0, 1, 0, 0.757497, 0, 0.652839, -17.5585, 4, -22.4169 )
