[gd_scene load_steps=15 format=2]

[ext_resource path="res://Player/Player.tscn" type="PackedScene" id=1]
[ext_resource path="res://Player/Player.gd" type="Script" id=2]
[ext_resource path="res://Terrain.tscn" type="PackedScene" id=3]
[ext_resource path="res://Target/targetA.tscn" type="PackedScene" id=4]
[ext_resource path="res://Player/RayCast.gd" type="Script" id=5]
[ext_resource path="res://NPC/NPC.tscn" type="PackedScene" id=6]
[ext_resource path="res://NPC/NPC.gd" type="Script" id=7]
[ext_resource path="res://UI/Dialogue.gd" type="Script" id=8]
[ext_resource path="res://UI.gd" type="Script" id=9]

[sub_resource type="CubeMesh" id=1]
size = Vector3( 100, 0.5, 100 )

[sub_resource type="BoxShape" id=2]
extents = Vector3( 50, 0.25, 50 )

[sub_resource type="SphereMesh" id=3]
radius = 0.5
height = 1.0

[sub_resource type="SpatialMaterial" id=4]
albedo_color = Color( 1, 0, 0, 1 )
emission_enabled = true
emission = Color( 1, 0, 0, 1 )
emission_energy = 4.0
emission_operator = 0
emission_on_uv2 = false

[sub_resource type="CapsuleShape" id=5]
radius = 4.68277

[node name="Game" type="Spatial"]

[node name="Ground" type="StaticBody" parent="."]
visible = false

[node name="MeshInstance" type="MeshInstance" parent="Ground"]
mesh = SubResource( 1 )
material/0 = null

[node name="CollisionShape" type="CollisionShape" parent="Ground"]
shape = SubResource( 2 )

[node name="Player" parent="." instance=ExtResource( 1 )]
transform = Transform( 1, 0, 0, 0, 1, 0, 0, 0, 1, 7.12849, 0.278738, -19.3705 )
script = ExtResource( 2 )

[node name="Pivot" type="Position3D" parent="Player"]

[node name="Camera" type="Camera" parent="Player/Pivot"]
transform = Transform( -1, 1.51808e-08, -8.60946e-08, 0, 0.984808, 0.173648, 8.74228e-08, 0.173648, -0.984808, 0, 5, -8 )

[node name="RayCast" type="RayCast" parent="Player/Pivot"]
transform = Transform( 1, 0, 0, 0, 1, 0, 0, 0, 1, 0, 3, 1.67377 )
enabled = true
cast_to = Vector3( 0, 0, 100 )
script = ExtResource( 5 )

[node name="Reticule" type="Position3D" parent="Player/Pivot/RayCast"]
transform = Transform( 1, 0, 0, 0, 1, 0, 0, 0, 1, 0, 0, 50 )

[node name="MeshInstance" type="MeshInstance" parent="Player/Pivot/RayCast/Reticule"]
mesh = SubResource( 3 )
material/0 = SubResource( 4 )

[node name="lowpoly_scene" parent="." instance=ExtResource( 3 )]
transform = Transform( 3, 0, 0, 0, 3, 0, 0, 0, 3, 0, 0, 0 )

[node name="Target_Container" type="Spatial" parent="."]

[node name="targetA" parent="Target_Container" instance=ExtResource( 4 )]
transform = Transform( 0.939693, 0, 0.34202, 0, 1, 0, -0.34202, 0, 0.939693, -27, 4, 9 )

[node name="targetA2" parent="Target_Container" instance=ExtResource( 4 )]
transform = Transform( -0.5266, 0, 0.850113, 0, 1, 0, -0.850113, 0, -0.5266, 19.8942, 5.99841, 4.13013 )

[node name="targetA3" parent="Target_Container" instance=ExtResource( 4 )]
transform = Transform( 0.652839, 0, -0.757497, 0, 1, 0, 0.757497, 0, 0.652839, -17.5585, 4, -22.4169 )

[node name="NPC" parent="." instance=ExtResource( 6 )]
transform = Transform( -0.691223, 0, 0.722641, 0, 1, 0, -0.722641, 0, -0.691223, 6.15441, 0, -10.9613 )
script = ExtResource( 7 )

[node name="Area" type="Area" parent="NPC"]
collision_layer = 2
collision_mask = 2

[node name="CollisionShape" type="CollisionShape" parent="NPC/Area"]
transform = Transform( 1, 0, 0, 0, 1, 0, 0, 0, 1, 0, 2.7244, 0 )
shape = SubResource( 5 )

[node name="UI" type="CanvasLayer" parent="."]
script = ExtResource( 9 )

[node name="Background" type="ColorRect" parent="UI"]
anchor_right = 1.0
margin_bottom = 30.0
color = Color( 0, 0, 0, 0.462745 )
__meta__ = {
"_edit_use_anchors_": false
}

[node name="Score" type="Label" parent="UI"]
margin_left = 4.23782
margin_right = 433.238
margin_bottom = 30.0
text = "Score:"
valign = 1
__meta__ = {
"_edit_use_anchors_": false
}

[node name="Time" type="Label" parent="UI"]
margin_left = 594.359
margin_top = 1.05946
margin_right = 1023.36
margin_bottom = 31.0595
text = "Timer:"
valign = 1
__meta__ = {
"_edit_use_anchors_": false
}

[node name="Dialogue" type="Control" parent="UI"]
visible = false
anchor_right = 1.0
anchor_bottom = 1.0
script = ExtResource( 8 )
__meta__ = {
"_edit_use_anchors_": false
}

[node name="Background" type="ColorRect" parent="UI/Dialogue"]
anchor_top = 1.0
anchor_right = 1.0
anchor_bottom = 1.0
margin_top = -30.0
margin_bottom = 10.0
color = Color( 0, 0, 0, 0.427451 )
__meta__ = {
"_edit_use_anchors_": false
}

[node name="Text" type="RichTextLabel" parent="UI/Dialogue"]
anchor_top = 1.0
anchor_right = 1.0
anchor_bottom = 1.0
margin_top = -30.0
text = "Hello
"
__meta__ = {
"_edit_use_anchors_": false
}

[node name="Timer" type="Timer" parent="UI"]

[connection signal="body_entered" from="NPC/Area" to="NPC" method="_on_Area_body_entered"]
[connection signal="body_exited" from="NPC/Area" to="NPC" method="_on_Area_body_exited"]
[connection signal="timeout" from="UI/Timer" to="UI" method="_on_Timer_timeout"]
